<?xml version="1.0"?>
<opencv_storage>
<cameraMatrix type_id="opencv-matrix">
  <rows>3</rows>
  <cols>3</cols>
  <dt>d</dt>
  <data>
    497.91016575 0. 427.53522992 0.
    499.52941059 235.98605551 0. 0. 1.</data></cameraMatrix>
<distCoeffs type_id="opencv-matrix">
  <rows>5</rows>
  <cols>1</cols>
  <dt>d</dt>
  <data>
    -0.42991797 0.25466996
    -0.0019706 -0.00222332
    -0.11341841</data></distCoeffs>
</opencv_storage>
