<?xml version="1.0"?>
<opencv_storage>
<cameraMatrix type_id="opencv-matrix">
  <rows>3</rows>
  <cols>3</cols>
  <dt>d</dt>
  <data>
    595.64369679 0. 382.20724389 0.
    594.41185654 294.042449 0. 0. 1.</data></cameraMatrix>
<distCoeffs type_id="opencv-matrix">
  <rows>5</rows>
  <cols>1</cols>
  <dt>d</dt>
  <data>
    0.04924004  0.02264432
    0.0023689 -0.00144591
    -0.3011294</data></distCoeffs>
</opencv_storage>
