<?xml version="1.0"?>
<opencv_storage>
<cameraMatrix type_id="opencv-matrix">
  <rows>3</rows>
  <cols>3</cols>
  <dt>d</dt>
  <data>
    505.32529675 0. 415.05965055 0.
   505.14739101 318.6384018 0. 0. 1.</data></cameraMatrix>
<distCoeffs type_id="opencv-matrix">
  <rows>5</rows>
  <cols>1</cols>
  <dt>d</dt>
  <data>
    0.14877727  0.02551236
    0.00171092 0.00199276
    -0.3562632</data></distCoeffs>
</opencv_storage>
