<?xml version="1.0"?>
<opencv_storage>
<cameraMatrix type_id="opencv-matrix">
  <rows>3</rows>
  <cols>3</cols>
  <dt>d</dt>
  <data>
    8.1954289171000005e+02 0. 3.1453157417000000e+02 0.
    8.1972768105000000e+02 2.5970322391000002e+02 0. 0. 1.</data></cameraMatrix>
<distCoeffs type_id="opencv-matrix">
  <rows>5</rows>
  <cols>1</cols>
  <dt>d</dt>
  <data>
    2.28920007e-01 -5.11945261e+00
    3.82815939e-03 -8.84696303e-03 3.48622073e+01</data></distCoeffs>
</opencv_storage>
