<?xml version="1.0"?>
<opencv_storage>
<cameraMatrix type_id="opencv-matrix">
  <rows>3</rows>
  <cols>3</cols>
  <dt>d</dt>
  <data>
    7.3277028682000002e+02 0. 6.1487813111000003e+02 0.
    7.3339110605999997e+02 3.4918611676000000e+02 0. 0. 1.</data></cameraMatrix>
<distCoeffs type_id="opencv-matrix">
  <rows>5</rows>
  <cols>1</cols>
  <dt>d</dt>
  <data>
    1.1196430000000000e-01 -2.2287515999999999e-01
    -2.2812100000000001e-03 -4.6944000000000000e-04
    1.4355533000000001e-01</data></distCoeffs>
</opencv_storage>
