<?xml version="1.0"?>
<opencv_storage>
<cameraMatrix type_id="opencv-matrix">
  <rows>3</rows>
  <cols>3</cols>
  <dt>d</dt>
  <data>
    444.29629696 0. 286.59886547 0.
    445.68732415 179.6132425 0. 0. 1.</data></cameraMatrix>
<distCoeffs type_id="opencv-matrix">
  <rows>5</rows>
  <cols>1</cols>
  <dt>d</dt>
  <data>
    -0.30705376 0.16235311
    -0.00922903 -0.00420667
    -0.01179247</data></distCoeffs>
</opencv_storage>
